-6.940455262997083929e-01
-1.083799348279022023e-01
-1.904103764279340694e-01
-1.417718510628074524e+00
-6.918536317675514358e-01
-1.540113006703608844e+00
-1.887179687046010246e+00
-1.738351243619984388e+00
-1.514073390547690412e+00
-9.449081730522922440e-01
-4.215191282604715539e-01
-1.503117411310405993e+00
-1.687303320927217243e+00
-8.407335918461535940e-01
-1.759946037511003869e+00
-1.703026102712950518e+00
-7.005450475699070978e-01
-2.245922153400929377e-01
-7.182629500052731819e-01
-2.505014102337688731e-01
-1.607434946619674454e+00
-1.040127713041979485e+00
-1.832019639264011124e+00
-1.184723071345817225e+00
-1.764386927781001813e+00
-3.459449947381302293e-01
-1.728862373021210042e+00
-9.264075745756908953e-01
-9.777817955186736132e-01
-1.902107729759854093e+00
-1.668944886660907567e+00
-1.516866872867187688e+00
-7.794410037272837544e-01
-5.254452579515406230e-01
-3.291388349624090326e-01
-1.776853578124216460e-01
-3.418566007148126640e-01
-9.509492656397597887e-01
-5.193009267505492854e-01
-1.463971331779854834e+00
-1.758343985225883532e+00
-1.381959933201097002e+00
-7.293985648348524364e-01
-3.467681193432677889e-01
-2.854972050300966235e-01
-9.847690171551660709e-01
-1.180691265164063086e+00
-1.878241560883822769e+00
-3.937777133923278661e-01
-8.831831381845114404e-01
-4.646718168650771918e-01
-1.808153681394994550e+00
-1.615797558300741121e-01
-1.287802680939193367e+00
-5.942071323323709908e-01
-2.014790463459737335e+00
-1.669052554380977826e-01
-3.919559946049965826e-01
-1.814764360595214399e+00
-5.271045076569329524e-01
-8.593965399798930704e-01
-6.050065577051194632e-01
-1.365221867244360343e+00
-1.824498447449631078e+00
-9.304419415430762452e-01
-1.072386712229041139e+00
-1.897578453107132967e-01
-7.776684653544188031e-01
-9.517542922085012735e-01
-1.550516782978485386e+00
-4.337186769294624766e-01
-6.106920200969736534e-01
-7.780048951451882244e-01
-1.320919420752997508e+00
-5.907660900593321163e-01
-1.793685622323491380e+00
-1.362970786258600908e+00
-1.982340889407545048e-01
-1.377791104367963315e-01
-6.856638477493901540e-01
-6.372650556070007521e-01
-5.668882587936054929e-01
-5.100126087348935133e-01
-1.506316277847095098e+00
-9.919496821951382381e-01
-7.980334230513283500e-02
-1.721219822360312790e+00
-1.526022957104275379e+00
-1.596185758188093606e+00
-1.331292274885472970e+00
-1.570819426713648825e+00
-1.538102697644616157e+00
-1.030998610040282815e+00
-8.006190767563248212e-01
-1.639067192281470131e+00
-3.364618479491778280e-01
-1.643279684532511720e+00
-1.499128673501522790e+00
-2.753080839163488669e-01
-9.581578672297038635e-01
