-5.495050207795468822e-01
-1.304025903227786498e-01
-2.007019640547796080e-01
-7.999062758060606626e-01
-1.361548566800353299e+00
-1.711760160379497631e+00
-1.044795543950664873e+00
-4.907928246610902545e-01
-7.503652158551413764e-01
-7.123854352620873076e-01
-1.101918715221132494e+00
-9.088392643430794893e-01
-1.139054371122211862e+00
-1.311553317779768357e-01
-1.220230144472401967e+00
-2.369178550052113141e-01
-1.044529984838964198e+00
-5.862089416699663991e-01
-2.624557289405349825e-01
-6.085111531268134755e-01
-2.050741762296636850e+00
-1.185209721110924042e+00
-3.488387469881142344e-01
-1.774837965860683875e+00
-1.911209205793625632e+00
-1.939852051304374048e-01
-1.140138459473580834e+00
-1.368868935847844970e+00
-2.929828160869275000e-01
-1.576897016333334900e+00
-1.473933072070582329e+00
-2.136934706766453057e-02
-8.924963232026963400e-01
-6.429837526958361860e-01
-7.131041141901091063e-01
-6.918406496209155154e-01
-5.597269893263755458e-01
-5.395517835686014507e-01
-1.102947880019539140e+00
-6.182629926984961610e-01
-1.535439178349249367e+00
-1.086740191494007357e+00
-8.697738482032359997e-01
-1.711386975727188009e+00
8.484550937199998588e-02
-7.757941320072399005e-01
-9.079952278763608886e-01
-7.721644343218487805e-01
-1.774037745451405357e+00
-3.460573889007769743e-01
-3.195797923151345032e-01
-7.893774181565869075e-01
1.730409798840606972e-01
-1.606167177577354943e+00
-5.477266210352408349e-01
-1.042703592523382294e+00
-1.061382486469446107e+00
-9.615350006458324161e-01
-2.279397127284836788e-01
-7.650151536761635729e-01
-8.879914494529863589e-01
-1.005303881814566980e+00
-2.702195521379369691e-01
-1.147769954366185230e+00
-1.240111803534246659e+00
-9.086050573718778001e-01
-5.537541514824816380e-01
-9.300676319168748041e-01
-1.319890571883680863e+00
-7.179003635040762110e-02
-2.549945315449664296e-01
-1.320518333131050770e-01
-5.932330320077834340e-01
-1.061720744977373565e-01
-4.939241289773166899e-01
-2.529508094035184951e-01
-1.529864013396718070e+00
-6.442574630654377410e-01
4.865615671075212284e-02
-9.036815915790583631e-01
-1.141238800757963912e+00
-7.966054508274789114e-01
-1.669968153038941527e-01
-8.116385668542350773e-01
-2.299814963327582618e+00
-5.372303652162808696e-01
-1.509863910338683279e+00
-1.527346679842152000e+00
-1.175581166725748528e+00
-2.782577315266661078e-01
-9.404935114921433303e-01
-2.511910355546747020e-01
-3.940141075918637270e-01
-2.793497873621629268e-01
-1.260639805043618722e+00
-8.028712086885998467e-01
-1.004118906858455729e+00
-6.570250253148018915e-01
-1.848561736997392790e+00
-1.194863744498713132e+00
