-6.319178931818481004e-01
-2.818299956299240572e-01
-8.019900471007518350e-01
-1.960315339194485806e-01
-6.151058470600520023e-01
-1.888451348335376645e+00
-4.369447346819705924e-01
-1.831725170071510700e+00
2.969249798277436361e-02
-1.721690508995860958e+00
-1.408401104768294554e-01
-6.882639263115255535e-01
-7.596948157873270047e-01
-1.324893712808286272e+00
-6.684358759012215545e-02
-8.565484891340555684e-01
-6.178625401689588070e-01
-1.044155131752543708e+00
-1.209200858492326613e+00
-1.319140349563531878e+00
-4.257391303227432422e-01
-4.625863322629982788e-01
-1.762941748912343898e-01
-1.201200279037459184e+00
-1.702946799758628948e+00
-1.946259392796160503e-01
-7.470097919587842528e-01
-1.160886039511168644e+00
-1.261864653450297746e+00
-7.908276889637647633e-01
-1.453193919810638279e+00
-6.353201138597169839e-01
-9.420547144842557064e-01
-1.515475457344092280e+00
-2.130023444979550096e+00
-1.178996525245195492e+00
-8.410298179151406983e-02
-1.896267551615665514e+00
-1.452344951771312509e+00
2.260106731295241367e-01
-1.567186063845527055e+00
-7.029497441368297295e-02
6.412643208341611833e-02
-1.467488383179623712e+00
-1.529507700116728097e+00
-1.162706660084068089e+00
-1.500888722669433406e-01
-7.575747562161733173e-01
-8.416108906042324422e-01
-1.469442590948752070e+00
-8.011575104258989999e-01
-7.025232996130690299e-01
5.135070365996950020e-02
-1.948857454411077050e+00
-1.213040080171893464e+00
-1.726773795802473699e-01
-1.627473031591083030e+00
-1.458239384367951752e+00
-1.393419332865121651e+00
-1.737227946309052085e+00
-1.563630355360738244e+00
-4.249583312424857762e-01
-7.939330613786984570e-01
-1.432722469239391616e+00
-7.061304604765802351e-01
-9.913399828177110740e-01
-9.928447264095504599e-01
-4.431410182560238664e-01
-1.553534231014333411e+00
-8.144545976401698084e-01
-4.328541754242020145e-01
-1.061951069297033312e+00
-9.165963701675211572e-01
-5.246538238723320591e-01
-6.188960887740887484e-01
-1.021429202846771300e+00
-1.410414519936227018e+00
-1.101721203692956452e+00
-9.649344420761846175e-01
-1.128272451452410507e+00
-3.131081800374294621e-01
-2.148862698095056478e-01
-1.441303733912246532e+00
-8.526521425688855516e-01
-8.506818310702586317e-01
-4.137681915702705326e-02
-1.087155103285406987e+00
-4.239816479994525933e-01
-1.299891666981581873e+00
-1.156854206254404188e-01
2.489233865762027070e-02
-4.277798243319704680e-02
-3.030891433519925307e-02
-4.942283806192565576e-01
-1.630468223032062403e+00
-1.154317095585662534e+00
-1.838907420595873754e+00
-1.466034086793750690e+00
-7.189891375720032229e-01
-1.279598771567660220e+00
