-2.380662996592405101e+00
-9.799232790759062617e-01
-1.255624826743963807e+00
-1.290045066651268169e+00
-1.825852117014359566e+00
-1.435055992433720506e+00
-2.094540682039996327e+00
-6.193685329831650765e-01
-2.222437856664749578e+00
-1.561709635426720810e+00
-2.522447943366256329e+00
-8.016710892335755512e-01
-1.522428028292956315e+00
-1.537438126420602069e+00
-1.285633338369969625e+00
-1.977622714784140978e+00
-2.265336675411553924e-01
-1.418597692723613468e+00
-1.271523039551101908e+00
-2.030270979395797648e-01
-1.799928031083463109e+00
-5.447913964950322763e-01
-2.041863068588468888e+00
-9.525485036167388175e-01
-1.153119888011812755e+00
-8.405742761726999746e-01
-2.419321033097921347e+00
-1.126911832038648642e+00
-8.074655584913043027e-01
-1.308346373079775526e+00
-1.717462547376964244e+00
-1.964827097925096355e+00
-1.320263224593764440e+00
-7.163577249504414768e-01
-1.082185420363489081e+00
-1.417524913335574288e+00
-1.222214329179649894e+00
-2.091613845522884763e+00
-1.448478115929427767e+00
-2.203578837438380678e+00
-1.283062814817887087e+00
-5.783343234419233703e-01
-1.645888980821046621e+00
-1.173260456659341866e+00
-1.588517085426511821e+00
-1.699982875226838663e+00
-1.281528702220962268e+00
