-5.994596006550858558e-01
-4.175820547357432244e-01
-1.497967533087801284e+00
-1.694415307414091076e+00
-2.375459107092158240e-01
-8.159440625399646541e-01
-1.188436053743000542e+00
-1.436038685177106755e-01
-5.726842184272953329e-01
-1.125696730217724539e+00
-4.292609655436487870e-01
-1.242894409390400190e+00
-1.446885691449146139e+00
-1.513916631636720966e+00
-1.432635447677225393e+00
-1.421302175243256194e+00
-5.565634725496615420e-01
-2.660332361745999519e-01
-7.538582655297966229e-01
-1.335687899822650682e+00
-8.756883311158133454e-01
-5.749533189625071622e-02
1.018411543188996876e-01
-8.787585775711743707e-01
-1.761450258144271253e+00
-6.742511425911659195e-01
-1.053051782418188420e+00
8.297337454655791256e-02
-1.797942056147111278e-01
-4.859167273582777336e-01
-9.399400453397384059e-01
-1.467577661223225638e+00
-1.309252469745790792e+00
3.162008808739090737e-01
-4.518854377162421221e-01
-6.968835598544532717e-01
-7.829046857423560546e-02
-8.615394986246152076e-01
-1.051456647121772336e+00
-1.582729934390486148e+00
-4.978342929227915215e-01
1.165658764973405287e-01
-9.636858933390027859e-01
-8.141810633481154635e-01
-1.959167355454722648e+00
-3.126243795628559363e-01
-2.536245469001870978e-01
1.233478641958371536e-02
-1.134541181863671033e+00
8.068597140724440009e-02
-1.826914137667782767e-01
-7.446168542305117155e-01
-3.447385318439822322e-01
-1.209033783260581085e+00
-1.213236808574948977e+00
-7.117253162841429281e-01
9.650317803010721729e-01
-9.066278829606176926e-01
-4.111052411251988614e-01
-4.569550741728488075e-01
-6.205215804724401041e-01
-5.347892544132443193e-01
-1.285311035957732884e+00
-1.465806121940753659e+00
-1.571758531297704042e+00
-3.058514620232569148e-01
-8.492809478399427903e-01
-1.247291163299638767e-01
3.232431793371901702e-02
7.258789110929900201e-02
-9.704680707687605157e-01
-3.557283605126930204e-01
-2.263876897007638611e+00
-1.403848653405713520e+00
-7.621557744185851746e-01
-4.618582487292257066e-01
-8.124061130585453760e-01
-6.498375264761002690e-01
1.231438540172578727e-01
-6.891352371308251401e-01
-1.547107834098571777e+00
-1.492937501965299729e+00
-1.410660678789324773e+00
-2.007142466753485677e-01
-1.008592869048000606e+00
-6.404252941002459565e-01
-2.605059956476467042e-01
3.206245106804127554e-01
-9.254330787749255327e-01
-7.913077955712156664e-01
-1.070947170613219424e+00
1.408967698200571002e-02
-7.277887186146138054e-01
-1.509436302121771600e+00
-4.155738081887455082e-01
-1.324696662274875703e+00
4.102787671207992481e-01
-1.537668786106344831e-01
-3.921458228061969198e-01
-7.437253365346222500e-01
