-1.233171932069477839e+00
-9.939494700465915100e-01
-2.598940957108922256e-01
-3.792965204749386143e-01
-9.061318870648960022e-01
-2.879421821938207282e-01
1.582255672180549744e-01
-1.189979413640896988e+00
-5.093392450270695093e-01
-4.853433562227952303e-01
-2.316578825968855226e-01
-6.907270899643753737e-01
-6.151309940343080429e-01
-2.830810195359058368e-02
-1.484102712485940945e+00
-7.577307636581518402e-01
-1.390750017656129822e+00
-2.646856927737714638e-01
-1.604123846939631726e+00
-5.994935462721324715e-01
-6.860835909146441036e-01
-7.842877922146528347e-01
-7.978464630818079550e-01
-1.433521436867219334e+00
-1.544625766863877869e+00
-2.211175209336584402e+00
3.987865186935758977e-01
-8.212395203345026484e-01
-1.241102261341900381e-01
-1.890900312006176254e+00
-7.506972790200442391e-01
-6.562584951634907737e-01
-5.911641384858781212e-01
-1.246266385841463986e+00
-1.408299578269514019e+00
-1.079845660610823543e+00
-6.508403510868334685e-01
-5.298753501355519813e-01
-6.422633775129708844e-02
-5.475315281680811497e-01
-9.916051333681810132e-01
-1.562428091532397145e+00
-1.872686090036927986e+00
-1.386710547727361797e+00
-9.030131208958507294e-01
-1.369203330419797915e+00
-3.822168867553898952e-01
-1.588939915588257312e+00
1.551352078180252402e-03
-1.441036282359816623e+00
-4.509501524998566491e-01
-1.039617647659857980e+00
-6.278556653936843146e-01
-1.260511889261424434e+00
-8.913141664243474649e-01
-8.132586048756422770e-01
-1.147615800045539425e+00
-1.873244890044326150e+00
-1.353585352194532687e+00
-9.105449498121251928e-01
-4.134125530699561124e-01
-1.267779816367435419e+00
-1.806030849779611369e+00
1.199924926197442204e-01
-9.968775844253892349e-02
-1.474523065880287254e+00
-1.913189532054551556e+00
-1.145709424426496037e+00
-2.003678580996466341e+00
-7.938774535180302960e-01
-1.126031960484781935e+00
-1.070598495645982418e+00
-8.550750655352308272e-01
-1.466069448440001644e+00
-1.378850517921424323e+00
-6.175685679987826804e-01
-2.195288074411336221e-01
-7.893759388695075208e-01
-2.597633553261707196e+00
5.626400105462859846e-01
-1.042984428251854334e+00
-1.776298530133103126e+00
-6.873639170072400884e-01
-9.405621159180993507e-01
-1.171825187448988226e+00
-3.242733143242463312e-01
-5.729975988673222803e-02
-1.535711081084221385e+00
-1.687642851576756087e+00
-1.055896429662821046e+00
-2.774501047109953922e-03
-1.242015537885725163e+00
-4.726007282177825952e-01
-1.468126115351611638e+00
-1.283465085062069688e+00
-6.368708702110437159e-01
-1.019466948529618167e+00
-1.088186371504383798e+00
-1.798381306746307029e+00
-6.140722285900119815e-01
