-1.220662710476825730e+00
-1.901186498657219337e+00
-3.896971581197948287e-01
-8.671889840719540499e-02
-1.127089384193611377e+00
-3.045924884821778478e-01
-3.565503662798413242e-01
-6.432242066254452162e-01
-1.471038912327875980e+00
-6.848359431638720851e-01
-5.591442550529114319e-01
-2.641023884264217525e-01
-8.650353676214584953e-01
-3.082542476124982556e-01
-1.226999192049058163e+00
-8.782990188129201625e-01
-1.813839633687172492e+00
-7.852184534020320017e-01
-1.103117226811920482e+00
-5.569145279200499177e-01
-2.315262748153773531e-01
-6.885490625270426213e-01
-4.766204877450059274e-01
-4.711260751031142724e-01
-1.675871029303919180e+00
-1.129395693409604107e+00
-1.744320649683432922e+00
-1.119685465909367350e+00
-1.289935805301196892e+00
-1.014611786413601946e+00
-1.905059946582087979e-02
-1.957515843491272278e+00
-1.625839582392671012e+00
-9.526499186564635346e-01
-8.326562638548449247e-01
-1.520560845725360544e+00
-1.288485581150749182e+00
-8.739855976320131115e-01
-1.357428985729798088e+00
-1.409586208365625426e+00
-7.937397722728620764e-01
-1.181093083445920566e+00
-1.719846971048074380e+00
-1.664689830794422676e+00
-8.298674618745559561e-01
-1.310126620000498177e+00
-1.112649086602423454e+00
-8.746234537849603141e-01
-1.966898868812387624e+00
-1.272434697933015002e+00
-1.211968198493153848e+00
-8.017420213414152563e-01
-2.010617038047646687e+00
-1.057486438860147704e+00
-1.202631424018807627e+00
-1.160330986045564172e+00
-2.009369835823434425e+00
-1.812745829399223352e+00
-2.070032265350760514e-01
-8.821372943468499539e-01
-1.434659165440774320e+00
-1.427557405713367533e+00
-5.598692334491960354e-01
-5.532129850693653372e-01
-2.265606875906220341e-02
-3.975755917532243777e-01
-6.316795512115569444e-01
-7.419928433865199402e-01
-7.723484696351992085e-01
-4.173609302410360988e-01
-1.703238400389980089e+00
-7.630337686927149976e-01
-1.620853937316401483e+00
-7.777123154594529630e-01
-2.265667466707834699e+00
-1.241136087683380795e+00
-9.230014751015920560e-02
-9.185293090214363687e-01
-6.530319384079166234e-01
-5.380491642979339240e-01
-9.643624094713459938e-01
-9.406970851407735479e-01
-1.036489262783878207e+00
-1.135089333681368551e+00
-1.092922822883405809e+00
-3.702951056288813492e-01
-1.717490477508643032e+00
-9.508132512058901087e-01
-2.048285170601878313e+00
-4.167681025567674946e-01
-8.586974411450695177e-01
-1.066189230218205358e-01
-4.466448663459879342e-01
-1.557827712599129777e+00
-1.051567884447625500e+00
-1.488912713452641423e+00
-1.783074513682268714e-01
-1.674699288277508691e+00
-1.210171112622517642e+00
-9.970045163289968926e-01
