-1.652511457531940398e+00 -2.013702584804740070e+00 9.253585862490324443e-01 -4.124803627534229022e+00 -9.822856459718413147e-01 -1.125473516867762536e+00 1.845947734747453994e+00 2.684367828481418972e+00 7.734502544173167682e-02 -1.152623505074631183e+00 1.731783610225731795e+00 -2.261964011402898045e+00 1.323914557200587483e+00 1.158479264218511329e+00 -1.760605834622253507e+00 -1.710508149954004464e+00
-1.887013309224500279e+00 -2.191091431756578167e+00 -1.897024635118863989e+00 -1.398852343241654139e-01 -2.249822316817049028e+00 6.843487724344657908e-01 3.715240857009828868e-01 -3.439633925664247194e+00 -4.114451900905458093e-02 -2.570104041345193657e+00 -9.680158596894967715e-01 3.656829833830062271e-02 -1.329617341172001643e-01 1.331651016922413611e+00 3.812920469344434071e+00 2.438193267449973778e+00
-9.668010630978064457e-01 -1.081131471182833481e+00 -2.573888517886922411e+00 1.114273874519927432e+00 1.783686030313754500e+00 6.885170780603271368e-01 -2.299637909719904005e+00 7.447174488378637269e-01 -2.942558301285760902e-01 3.534245081009564082e-02 -1.358861265818453345e+00 -3.463051082723902496e+00 -2.317471358446596241e+00 2.269731521525886642e+00 -2.130571252958054274e+00 -1.882586664896200856e+00
-1.720886135668571626e+00 -1.154815532176308501e+00 -2.067712394378207641e+00 4.894457317734546981e-02 2.032546024212229963e+00 -2.253634478730404123e+00 5.964462305033727541e-01 -3.725204250669746919e+00 2.375385829060167264e+00 -3.435309712820410422e+00 5.901058243547649962e-01 1.051192012776573259e+00 -1.113131702480652185e+00 -2.651404593995261738e+00 -1.870041951288493598e+00 -1.720685038611930784e+00
1.778916802828939714e+00 1.217413411415721125e+00 5.052844600664613273e-01 -8.768716235483364763e-02 -2.300834871094715961e+00 -2.532705506287964425e+00 1.583615977866602353e+00 -1.050655924874275060e+00 -3.764484720679230012e+00 9.400075501097439057e-01 -3.271670416304702567e+00 -9.367836160396922907e-01 1.658371559277360019e+00 1.478560503230402501e-01 -2.813488305796177258e+00 1.102113722864509926e+00
1.192538328718809604e+00 -2.126256432848089517e+00 -1.416513245290102141e+00 -5.367780511336517790e+00 2.851236299335149216e-01 1.382563038001793476e+00 2.057707087941384572e+00 -1.823909193549209773e+00 -1.632798664366041264e+00 2.018347826105614917e+00 2.600520696088075123e+00 9.411824021485416525e-01 -7.648367477092689048e-01 -2.821038869988978792e+00 -1.921157421145986310e+00 2.232632182507300611e-01
5.423673034851325125e-01 -1.415372788892254485e+00 1.944675255920595092e+00 1.829573756603169343e+00 -2.355326225268740803e+00 1.953920092259828767e+00 2.433622464574921374e+00 -1.945566189431263027e+00 -1.637604348889601713e+00 -7.641447169231881942e-01 7.139416098535633637e-02 -4.356021637838885852e+00 -2.857976887092889662e+00 -1.065714700751143607e+00 -1.978165866360553027e+00 4.442330242148200686e-02
-7.993131300467840594e-01 1.905399039649644966e+00 -9.558761134080123734e-01 1.197428764090541664e+00 -2.403744794588313471e+00 -2.190490391727680120e+00 -1.330734724675284086e+00 2.800515491520535249e+00 -2.871501773986834483e+00 -3.426431276875105070e+00 -4.033736983924551822e-01 1.741300885312677016e+00 -6.404985434914178821e-01 -2.081815471075244783e+00 -1.458133461115573182e+00 -1.323585871148656334e+00
-2.114352417682658913e+00 -1.774425144258754194e+00 1.038647886223166505e+00 -1.693817625091935675e+00 -2.290220884833509718e+00 -4.953315793734145434e-01 -2.750916638129563996e+00 -2.586799220692374224e+00 1.493178353954921933e+00 3.737863043156374854e+00 -3.365530617977769090e+00 1.235363263681895196e+00 -2.040701288227031007e+00 1.458132095592613808e+00 -2.379936448823004813e+00 -9.812719851554869699e-01
6.051001151426544933e-01 2.732037754043686872e-01 -1.391069369743174855e+00 -1.767640952177111258e+00 -5.690824552154344351e-01 -3.554266512649809640e-01 -2.817969814803742423e+00 -6.951343561018532569e-01 -2.426289673877383812e+00 3.231512642152024384e+00 -1.804698231279872278e+00 -1.276884485036825945e+00 2.582845504435788087e+00 -5.411639229148994534e-01 2.787614266788253303e+00 -2.984655299459970657e+00
